Áo Sơ Mi Nam Dài Tay
S 150 159 73 49 58 44
M 160 165 74 51 59 45
L 166 172 75 53 60 46
XL 173 177 76 55 61 47
XXL 178 183 77 57 62 48
Áo Sơ Mi Nam Ngắn Tay
S 155 159 73 49 19 44
M 160 165 74 51 20 45
L 166 172 75 53 21 46
XL 173 177 76 55 22 47
XXL 178 183 77 57 23 48
Áo Thun Cổ Tròn
S 155 159 65 48 19 41.5
M 160 165 67 50 20 43
L 166 172 69 52 21 44.5
XL 173 177 71 54 22 46
XXL 178 183 73 56 23 47.5
Áo Polo
S 155 159 65 48 19.5 42.5
M 160 165 67 50 20.25 43.5
L 166 172 69 52 21 44.5
XL 173 177 71 54 21.75 45.5
XXL 178 183 73 56 22.5 46.5
Áo Dài Tay
S 155 159 67 48 60 41.5
M 160 165 69 50 61 43
L 166 172 71 52 62 44.5
XL 173 177 73 54 63 46
XXL 178 183 75 56 64 47.5